512 0
513 0
514 1
515 1
516 1
517 1
518 1
519 1
520 0
521 1
528 0
529 1
530 1
531 1
532 1
533 1
534 1
535 1
536 1
537 1
538 1
539 1
540 0
551 0
552 1
560 1
561 1
562 1
563 1
564 1
565 1
566 1
567 1
576 1
577 1
578 1
592 1
593 1
594 1
595 1
596 1
600 1
601 1
602 1
608 1
609 1
610 1
611 1
612 1
613 1
614 1
615 1
616 1
617 1
618 1
619 1
620 1
621 1
622 1
623 1
624 0
625 1
626 1
627 0
628 1
629 1
630 1
631 1
632 1
633 1
634 1
635 1
636 1
637 1
638 1
639 1
640 1
641 1
642 0
643 0
644 0
645 0
646 0
647 0
648 1
649 1
650 1
651 1
652 1
653 1
654 1
655 1
656 1
657 1
658 1
659 1
660 1
661 1
662 1
663 1
664 1
665 1
666 1
667 1
668 1
669 1
670 1
671 1
672 1
673 1
674 1
675 1
676 1
677 1
678 1
679 1
680 1
681 1
682 1
683 1
684 1
685 1
686 1
687 1
688 1
689 1
690 1
691 1
692 1
693 1
694 1
695 1
696 1
697 1
806 1
807 1
808 1
809 1
848 1
849 1
850 1
851 1
852 1
853 1
854 1
855 1
856 1
857 1
858 1
859 1
860 1
861 1
1100 0
1101 0
1102 0
1104 0
1105 0
1108 0
4608 0
4609 0
4610 1
4611 1
4612 1
4614 1
4615 1
4616 0
4618 0
4621 0
4622 0
4624 0
4625 0
4626 0
4634 0
4646 0
4647 0
4648 0
4649 0
4650 1
4651 1
4652 1
4653 1
4654 1
4655 1
4656 1
4657 1
4658 1
4659 1
4660 0
4661 1
4662 1
4663 1
4664 1
4665 1
4666 1
4667 1
4668 1
4670 1
4671 1
4672 1
4673 1
4674 1
4675 1
4688 1
4689 1
4690 1
4691 1
4692 1
4693 1
4694 1
4695 1
4696 1
4697 1
4698 1
4699 1
4700 1
4701 1
4702 1
4704 1
4705 1
4706 1
4707 1
4709 1
4710 1
4711 1
4712 1
4713 1
4714 1
4715 1
4716 1
4717 1
4718 1
4719 1
4720 0
4722 0
4723 0
4724 0
4725 0
4726 0
4727 1
4728 1
4729 1
4730 1
4731 1
4732 1
4733 1
4734 1
4735 1
4737 1
4738 1
4739 1
4740 0
4741 0
4742 0
4743 0
4744 1
4745 1
4746 1
4747 1
4748 1
4749 1
4750 1
4751 1
4752 1
4753 1
4754 1
4755 1
4756 1
4757 1
4758 1
4759 1
4760 1
4761 1
4762 1
4763 1
4764 1
4765 1
4766 1
4767 1
4768 1
4769 1
4770 1
4771 1
4772 1
4773 1
4774 1
4775 1
4776 1
4777 1
4778 1
4779 1
4780 1
4781 1
4782 1
4783 1
4784 1
4785 1
4786 1
4787 1
4788 1
4789 1
4790 1
4791 1
4792 1
4793 1
4794 1
4797 1
4800 1
4801 1
4802 1
4803 1
4816 1
4817 1
4818 1
4819 1
4864 1
4865 1
4866 1
4867 1
4868 1
4869 1
4870 1
4871 1
4872 1
4873 1
4874 1
4875 1
4876 1
4877 1
4878 1
4879 1
4880 1
4881 1
4882 1
4883 1
4884 1
4885 1
4886 1
4887 1
4888 1
4889 1
4890 1
4891 1
4892 1
4893 1
4894 1
4895 1
4896 1
4897 1
4898 1
4899 1
4900 1
4902 1
4904 1
4905 1
4906 1
4907 1
4908 1
4909 1
4910 1
4911 1
4912 1
4913 1
4928 1
4929 1
4930 1
4931 1
4932 1
4933 1
4934 1
4935 1
4936 1
4937 1
4944 1
4945 1
4946 0
4947 0
4948 0
4949 1
4950 1
4951 1
4952 1
4953 1
4954 1
4956 1
4957 1
4958 1
4960 1
4961 1
4962 1
4963 1
4964 1
4965 1
4976 1
4977 1
4978 1
4979 1
4980 1
4981 1
4982 1
4983 1
4984 1
4985 1
5024 1
5025 1
5027 1
5028 1
5029 1
5030 1
5031 1
5032 1
5033 1
5034 1
5035 1
5037 1
5038 1
5039 1
5040 1
5041 1
5042 1
5043 1
5044 1
5045 1
5046 1
5047 1
5048 1
5049 1
5050 1
5051 1
5056 1
5057 1
5058 1
5059 1
5060 1
5061 1
5062 1
5063 1
5064 1
5065 1
5066 1
5067 1
5068 1
5069 1
5070 1
5120 1
5121 1
5122 1
5123 1
5124 1
5125 1
5126 1
5127 1
5136 1
5137 1
5138 1
5139 1
5140 1
5141 1
5142 1
5143 1
5144 1
5145 1
5148 1
5149 1
5150 1
5151 1
5152 1
5153 1
5154 1
5155 1
5156 1
5157 1
5158 1
5159 1
5168 1
5376 1
5377 1
5378 1
5440 1
5441 1
5442 1
5443 1
5444 1
5446 1
5447 1
5448 1
5449 1
5450 1
5451 1
5452 1
5453 1
5456 1
5457 1
5458 1
5459 1
5460 1
5461 1
5462 1
5463 1
5464 1
5465 1
5466 1
5467 1
5468 1
5471 1
5472 1
5473 1
5474 1
5477 1
5478 1
5479 1
5480 1
5483 1
5484 1
5485 1
5632 1
5633 1
5712 1
5888 1
5889 1
5890 1
6144 1
6145 1
6272 1
6273 1
6274 1
6275 1
6276 1
6277 1
6278 1
6279 1
6280 1
6281 1
6400 1
6401 1
6402 1
6403 1
6404 1
6405 1
6406 1
6407 1
6408 1
